data fomrat: px, py, pz, qw, qx, qy, qz, vx, vy, vz 
bax, bay, baz, dbax, dbay, dbaz, bgx, bgy, bgz, dbgx, dbgy, dbgz
frame399prv: 399: 0.708395, -0.776588, 0.577813, 0.696782, -0.0432507, 0.00538499, -0.715958, 0.166432, -0.215455, 0.206062
frame399bias: -0.311303, 0.403676, -0.073665, 0, 0, 0, 0.00152269, 0.0255578, 0.0745071, 0, 0, 0
frame169prv: 169: 0.69962, -0.766182, 0.568184, 0.696001, -0.0424219, 0.00649287, -0.716757, 0.18809, -0.156813, 0.197609
frame169bias: -0.311303, 0.403676, -0.073665, 0, 0, 0, 0.00152269, 0.0255578, 0.0745071, 0, 0, 0
frame168prv: 168: 0.689329, -0.75817, 0.558867, 0.69608, -0.0403078, 0.00814876, -0.716785, 0.230856, -0.11457, 0.183848
frame168bias: -0.311303, 0.403676, -0.073665, -0.000117547, 0.0440236, -0.00619649, 0.00152269, 0.0255578, 0.0745071, -0.00194055, 0.00844645, -2.91455e-05
frame167prv: 167: 0.667993, -0.747507, 0.541158, 0.697398, -0.0375881, 0.00976196, -0.715631, 0.194092, -0.0442447, 0.177594
frame167bias: -0.311303, 0.403676, -0.073665, 0.183167, -0.991376, -0.175831, 0.00152269, 0.0255578, 0.0745071, -0.00159947, -0.000493036, 0.0036976
frame166prv: 166: 0.647007, -0.740503, 0.523704, 0.699009, -0.0362418, 0.00938502, -0.714132, 0.224416, -0.0668636, 0.176993
frame166bias: -0.311303, 0.403676, -0.073665, 0.475973, -0.156793, 0.230597, 0.00152269, 0.0255578, 0.0745071, -0.000438906, -0.00376973, 0.00316737
frame165prv: 165: 0.62371, -0.730392, 0.505932, 0.700803, -0.0342399, 0.00978832, -0.712466, 0.241706, -0.101843, 0.189343
frame165bias: -0.311303, 0.403676, -0.073665, 0.205029, -0.363542, 0.39652, 0.00152269, 0.0255578, 0.0745071, -0.00419529, -0.00553703, 0.00104658
