prevFrameId, curFrameId, dt
gw: 0.31112, 9.32261, 3.0378
169, 399, 0.05
dPij: 0.0141591, -0.000398652, -0.00462165
dRij: 0.999994, -0.0021715, -0.0028307, 0.00217016, 0.999998, -0.00047702, 0.00283173, 0.000470874, 0.999996
dVij: 0.519388, -0.0130262, -0.168783
CovPVPhi： 1.66248e-08, 1.29436e-15, 1.17464e-14, 4.99997e-07, 7.06415e-14, 6.15983e-13, -2.7429e-15, -1.6477e-12, 1.96551e-13, 1.29436e-15, 1.66249e-08, -3.76105e-16, 6.39224e-14, 4.99999e-07, -1.86058e-14, 1.66694e-12, -7.43653e-16, 5.57509e-12, 1.17464e-14, -3.76105e-16, 1.66249e-08, 6.537e-13, -2.19791e-14, 4.99999e-07, -2.07315e-13, -5.58036e-12, 3.38525e-15, 4.99997e-07, 6.39224e-14, 6.537e-13, 2e-05, 3.5278e-12, 3.64175e-11, -1.93427e-13, -1.09566e-10, 9.85392e-12, 7.06415e-14, 4.99999e-07, -2.19791e-14, 3.5278e-12, 2.00001e-05, -1.10011e-12, 1.10749e-10, -6.27004e-14, 3.43059e-10, 6.15983e-13, -1.86058e-14, 4.99999e-07, 3.64175e-11, -1.10011e-12, 2.00001e-05, -1.05123e-11, -3.43416e-10, 2.0062e-13, -2.7429e-15, 1.66694e-12, -2.07315e-13, -1.93427e-13, 1.10749e-10, -1.05123e-11, 1.445e-09, -7.67046e-19, 8.73283e-19, -1.6477e-12, -7.43653e-16, -5.58036e-12, -1.09566e-10, -6.27004e-14, -3.43416e-10, -7.67046e-19, 1.445e-09, -6.26992e-18, 1.96551e-13, 5.57509e-12, 3.38525e-15, 9.85392e-12, 3.43059e-10, 2.0062e-13, 8.73283e-19, -6.26992e-18, 1.445e-09
dpdba: -0.00137499, 9.04652e-07, 3.05014e-06, -9.04108e-07, -0.001375, 2.10959e-07, -3.05033e-06, -2.08094e-07, -0.00137499
dpdbg: -3.42412e-06, 6.67071e-05, -7.9203e-06, -6.71189e-05, -3.4365e-06, -0.000225858, 8.00731e-06, 0.000225978, -3.4832e-06
dqdbg: -0.0499999, -5.66845e-05, -8.15415e-06, 5.66894e-05, -0.0499999, -1.31415e-05, 8.13555e-06, 1.31802e-05, -0.0499999
dvdba: -0.0499997, 5.18534e-05, 0.000133409, -5.18224e-05, -0.0499999, 1.06912e-05, -0.000133424, -1.05234e-05, -0.0499997
dvdbg: 2.20088e-06, 0.00424006, -0.000287676, -0.00426854, 8.50362e-07, -0.0130992, 0.000295094, 0.0131086, -2.51698e-06
168, 169, 0.0500002
dPij: 0.0137889, -0.000846506, -0.00441056
dRij: 0.999988, 0.000246054, -0.00491443, -0.000242747, 1, 0.000673463, 0.00491459, -0.000672261, 0.999988
dVij: 0.502737, -0.0294096, -0.16493
CovPVPhi： 1.66253e-08, 2.05925e-15, 1.11009e-14, 5.00005e-07, 1.07855e-13, 5.85737e-13, 2.31855e-15, -1.6397e-12, 3.00891e-13, 2.05925e-15, 1.66253e-08, -6.45201e-16, 1.0798e-13, 5.00007e-07, -3.38928e-14, 1.66564e-12, -3.72909e-15, 5.20517e-12, 1.11009e-14, -6.45201e-16, 1.66253e-08, 6.02595e-13, -3.48134e-14, 5.00007e-07, -2.99784e-13, -5.21363e-12, -3.02646e-15, 5.00005e-07, 1.0798e-13, 6.02595e-13, 2.00002e-05, 6.047e-12, 3.38407e-11, 1.47272e-13, -1.06971e-10, 1.8837e-11, 1.07855e-13, 5.00007e-07, -3.48134e-14, 6.047e-12, 2.00003e-05, -1.95904e-12, 1.08597e-10, -2.31715e-13, 3.2628e-10, 5.85737e-13, -3.38928e-14, 5.00007e-07, 3.38407e-11, -1.95904e-12, 2.00003e-05, -1.87712e-11, -3.26831e-10, -1.89831e-13, 2.31855e-15, 1.66564e-12, -2.99784e-13, 1.47272e-13, 1.08597e-10, -1.87712e-11, 1.44501e-09, 5.95561e-18, 2.3799e-18, -1.6397e-12, -3.72909e-15, -5.21363e-12, -1.06971e-10, -2.31715e-13, -3.26831e-10, 5.95561e-18, 1.44501e-09, 4.53003e-18, 3.00891e-13, 5.20517e-12, -3.02646e-15, 1.8837e-11, 3.2628e-10, -1.89831e-13, 2.3799e-18, 4.53003e-18, 1.44501e-09
dpdba: -0.00137501, -1.01978e-06, 2.64605e-06, 1.01828e-06, -0.00137501, -5.59148e-07, -2.64664e-06, 5.56279e-07, -0.00137501
dpdbg: -3.49181e-06, 6.5936e-05, -1.25878e-05, -6.62396e-05, -3.40934e-06, -0.000210348, 1.24947e-05, 0.000210452, -3.39138e-06
dqdbg: -0.05, -3.37629e-05, -0.000112619, 3.37309e-05, -0.0500002, 5.72735e-06, 0.000112617, -5.67611e-06, -0.05
dvdba: -0.0499999, -4.60368e-05, 0.000133105, 4.59436e-05, -0.0500002, -2.79189e-05, -0.000133136, 2.77716e-05, -0.05
dvdbg: -4.40613e-06, 0.00425154, -0.000696916, -0.00427491, 1.79942e-06, -0.0125957, 0.000689522, 0.0126045, 3.70541e-06
167, 168, 0.0999999
dPij: 0.053294, -0.00224243, -0.0181681
dRij: 0.999976, 0.00330755, -0.00607671, -0.00329709, 0.999993, 0.00173095, 0.00608239, -0.00171087, 0.99998
dVij: 1.01002, -0.0427792, -0.353201
CovPVPhi： 1.3325e-07, 5.27812e-14, 4.61091e-13, 2e-06, 1.36327e-12, 1.17805e-11, 6.28241e-14, -1.60385e-11, 1.85268e-12, 5.27812e-14, 1.33251e-07, -1.85245e-14, 1.37165e-12, 2.00003e-06, -4.84597e-13, 1.63067e-11, -2.57477e-14, 4.49916e-11, 4.61091e-13, -1.85245e-14, 1.33251e-07, 1.18438e-11, -4.84146e-13, 2.00003e-06, -1.73572e-12, -4.50947e-11, -6.69627e-14, 2e-06, 1.37165e-12, 1.18438e-11, 4e-05, 3.73828e-11, 3.21762e-10, 1.9188e-12, -4.90908e-10, 5.60224e-11, 1.36327e-12, 2.00003e-06, -4.84146e-13, 3.73828e-11, 4.00009e-05, -1.33073e-11, 4.99124e-10, -7.90265e-13, 1.37837e-09, 1.17805e-11, -4.84597e-13, 2.00003e-06, 3.21762e-10, -1.33073e-11, 4.00008e-05, -5.24384e-11, -1.38153e-09, -2.05592e-12, 6.28241e-14, 1.63067e-11, -1.73572e-12, 1.9188e-12, 4.99124e-10, -5.24384e-11, 2.88999e-09, 7.43355e-18, 4.26205e-18, -1.60385e-11, -2.57477e-14, -4.50947e-11, -4.90908e-10, -7.90265e-13, -1.38153e-09, 7.43355e-18, 2.88999e-09, 7.67577e-18, 1.85268e-12, 4.49916e-11, -6.69627e-14, 5.60224e-11, 1.37837e-09, -2.05592e-12, 4.26205e-18, 7.67577e-18, 2.88999e-09
dpdba: -0.00524997, -4.04721e-06, 9.45308e-06, 4.04096e-06, -0.00524999, -2.07887e-06, -9.45642e-06, 2.06691e-06, -0.00524998
dpdbg: -1.3512e-05, 0.000598664, -6.91175e-05, -0.000600889, -1.30104e-05, -0.00168412, 6.84545e-05, 0.00168497, -1.28159e-05
dqdbg: -0.0999989, 0.000195995, -0.000339955, -0.00019643, -0.0999996, 0.000102772, 0.000339695, -0.000103602, -0.0999991
dvdba: -0.0999993, -0.000134135, 0.000268059, 0.000133866, -0.0999997, -6.91992e-05, -0.000268209, 6.86776e-05, -0.0999994
dvdbg: -1.72223e-05, 0.0180452, -0.00212998, -0.0181327, 5.70487e-06, -0.0501978, 0.00209946, 0.0502314, 1.54038e-05
166, 167, 0.1
dPij: 0.0490021, -0.00176595, -0.0161601
dRij: 0.99999, 0.00407925, -0.0016287, -0.00407508, 0.999988, 0.00255606, 0.00163911, -0.0025494, 0.999995
dVij: 0.949445, -0.0364535, -0.317829
CovPVPhi： 1.33251e-07, 5.07121e-14, 3.73806e-13, 2.00002e-06, 1.3192e-12, 9.73569e-12, 6.11803e-14, -1.40038e-11, 1.8513e-12, 5.07121e-14, 1.33252e-07, -1.68217e-14, 1.22239e-12, 2.00004e-06, -4.06011e-13, 1.40531e-11, -4.59237e-14, 4.209e-11, 3.73806e-13, -1.68217e-14, 1.33252e-07, 9.82459e-12, -4.42146e-13, 2.00004e-06, -1.70943e-12, -4.21154e-11, -1.02566e-13, 2.00002e-06, 1.22239e-12, 9.82459e-12, 4.00002e-05, 3.36004e-11, 2.73499e-10, 1.92913e-12, -4.43581e-10, 5.17078e-11, 1.3192e-12, 2.00004e-06, -4.42146e-13, 3.36004e-11, 4.0001e-05, -1.12771e-11, 4.45136e-10, -1.41322e-12, 1.3166e-09, 9.73569e-12, -4.06011e-13, 2.00004e-06, 2.73499e-10, -1.12771e-11, 4.00009e-05, -4.72837e-11, -1.31737e-09, -3.21619e-12, 6.11803e-14, 1.40531e-11, -1.70943e-12, 1.92913e-12, 4.45136e-10, -4.72837e-11, 2.89001e-09, 2.4299e-18, 6.40215e-18, -1.40038e-11, -4.59237e-14, -4.21154e-11, -4.43581e-10, -1.41322e-12, -1.31737e-09, 2.4299e-18, 2.89001e-09, 1.94577e-18, 1.8513e-12, 4.209e-11, -1.02566e-13, 5.17078e-11, 1.3166e-09, -3.21619e-12, 6.40215e-18, 1.94577e-18, 2.89001e-09
dpdba: -0.00525001, -7.05479e-06, 4.83037e-07, 7.05389e-06, -0.00525001, -4.41084e-06, -4.91477e-07, 4.40947e-06, -0.00525001
dpdbg: -1.366e-05, 0.00052339, -7.01154e-05, -0.000523403, -1.2651e-05, -0.00157542, 6.88443e-05, 0.00157551, -1.21169e-05
dqdbg: -0.0999997, 0.000209708, -0.000138501, -0.000209914, -0.0999997, 0.000133918, 0.000138143, -0.000134243, -0.0999999
dvdba: -0.0999999, -0.000197998, 2.49159e-05, 0.000197948, -0.0999998, -0.000121126, -2.52329e-05, 0.000121042, -0.1
dvdbg: -2.224e-05, 0.0164228, -0.00195063, -0.0164257, 1.81623e-05, -0.0483135, 0.00190013, 0.0483175, 4.01376e-05
165, 166, 0.0999999
dPij: 0.0469835, -0.0024799, -0.0159553
dRij: 0.999981, 0.00485815, -0.00381546, -0.00484767, 0.999984, 0.00275062, 0.00382877, -0.00273207, 0.999989
dVij: 0.906328, -0.0490603, -0.309132
CovPVPhi： 1.3325e-07, 5.03298e-14, 3.54019e-13, 2e-06, 1.31058e-12, 9.11734e-12, 7.58537e-14, -1.36755e-11, 1.96057e-12, 5.03298e-14, 1.33251e-07, -1.69676e-14, 1.41882e-12, 2.00003e-06, -4.79386e-13, 1.38242e-11, -4.92762e-14, 4.03206e-11, 3.54019e-13, -1.69676e-14, 1.33251e-07, 9.16584e-12, -4.45078e-13, 2.00002e-06, -1.79924e-12, -4.03825e-11, -1.10759e-13, 2e-06, 1.41882e-12, 9.16584e-12, 4e-05, 3.96295e-11, 2.52601e-10, 2.39621e-12, -4.27913e-10, 6.72995e-11, 1.31058e-12, 2.00003e-06, -4.45078e-13, 3.96295e-11, 4.00008e-05, -1.34748e-11, 4.32521e-10, -1.51993e-12, 1.25409e-09, 9.11734e-12, -4.79386e-13, 2.00002e-06, 2.52601e-10, -1.34748e-11, 4.00007e-05, -6.22891e-11, -1.25606e-09, -3.42083e-12, 7.58537e-14, 1.38242e-11, -1.79924e-12, 2.39621e-12, 4.32521e-10, -6.22891e-11, 2.88999e-09, 9.20725e-18, 9.71066e-18, -1.36755e-11, -4.92762e-14, -4.03825e-11, -4.27913e-10, -1.51993e-12, -1.25606e-09, 9.20725e-18, 2.88999e-09, 1.08149e-17, 1.96057e-12, 4.03206e-11, -1.10759e-13, 6.72995e-11, 1.25409e-09, -3.42083e-12, 9.71066e-18, 1.08149e-17, 2.88999e-09
dpdba: -0.00524996, -1.13427e-05, 1.02769e-05, 1.13274e-05, -0.00524997, -6.07402e-06, -1.02959e-05, 6.04508e-06, -0.00524997
dpdbg: -1.40786e-05, 0.000510803, -7.40635e-05, -0.000513213, -1.26549e-05, -0.00151004, 7.20851e-05, 0.00151101, -1.19555e-05
dqdbg: -0.0999995, 0.000184121, -0.000139114, -0.000184351, -0.0999995, 0.000109613, 0.000138774, -0.000110004, -0.0999997
dvdba: -0.099999, -0.000301276, 0.000242965, 0.000300798, -0.0999992, -0.000164776, -0.000243597, 0.000163909, -0.0999994
dvdbg: -3.88702e-05, 0.0157368, -0.00252521, -0.0158231, 1.84207e-05, -0.045883, 0.0024454, 0.0459194, 4.73098e-05
